0 120 150 90
1 217 123 76
2 217 170 76
3 217 217 76
4 170 217 76
5 123 217 76
6 76 217 76
7 76 217 123
8 76 217 170
9 76 217 217
10 76 170 217
11 76 123 217
12 76 76 217
13 123 76 217
14 170 76 217
15 217 76 217
16 217 76 170
17 217 76 123
18 217 76 76
19 217 123 76
20 217 170 76
21 217 217 76
22 170 217 76
23 123 217 76
24 76 217 76
25 76 217 123
26 76 217 170
27 76 217 217
28 76 170 217
29 76 123 217
30 76 76 217
31 123 76 217
32 170 76 217
33 217 76 217
34 217 76 170
35 217 76 123
36 217 76 76
37 217 123 76
38 217 170 76
39 217 217 76
40 170 217 76
41 123 217 76
42 76 217 76
43 76 217 123
44 76 217 170
45 76 217 217
46 76 170 217
47 76 123 217
48 76 76 217
49 123 76 217
50 170 76 217
51 217 76 217
52 217 76 170
53 217 76 123
54 217 76 76
55 217 123 76
56 217 170 76
57 217 217 76
58 170 217 76
59 123 217 76
60 76 217 76
61 76 217 123
62 76 217 170
63 76 217 217
64 76 170 217
200 40 110 230
201 245 245 245
202 216 190 135
